[app/ui]
version = 8.0.2.1
modtime = 1588599587.517102000

[app/launcher]
version = 8.0.2.1
modtime = 1588599587.523234000
